0 00
27 01000000
51 010000010
52 010000011
62 010000100
24 010000101
15 01000011
6 010001
182 0100100000
169 0100100001
154 01001000100
228 01001000101
197 0100100011
193 01001001
236 010010100
142 0100101010
38 0100101011
243 01001011
16 01001100
44 0100110100
37 0100110101
43 010011011
204 01001110
205 01001111
12 0101000
46 010100100
203 010100101
179 01010011
17 01010100
189 01010101000
185 01010101001
82 0101010101
171 01010101100
63 01010101101
57 01010101110
199 01010101111
61 0101011000
137 0101011001
238 010101101
210 010101110
75 0101011110
233 0101011111
252 01011
255 011
35 100000000
79 100000001
58 100000010
227 1000000110
60 1000000111
9 1000001
48 100001000
132 1000010010
69 10000100110
139 100001001110
151 100001001111
29 100001010
25 100001011
231 100001100
202 1000011010
45 1000011011
195 100001110
168 1000011110
212 1000011111
55 100010000
230 100010001
19 10001001
219 100010100
50 100010101
232 100010110
207 100010111
247 1000110
240 10001110
133 1000111100
223 1000111101
65 1000111110
143 1000111111
73 1001000000
74 1001000001
177 1001000010
176 1001000011
239 100100010
192 100100011
8 1001001
148 10010100000
144 10010100001
183 1001010001
39 100101001000
88 100101001001
188 100101001010
83 100101001011
164 100101001100
157 100101001101
221 10010100111
172 1001010100
166 10010101010
77 10010101011
32 100101011
20 10010110
42 1001011100
146 10010111010
138 10010111011
36 100101111
5 100110
248 1001110
216 1001111000
72 1001111001
70 1001111010
211 1001111011
136 1001111100
134 1001111101
18 100111111
254 1010
242 10110000
237 101100010
234 101100011
249 1011001
245 10110100
201 1011010100
140 101101010100
126 10110101010100
129 10110101010101
125 10110101010110
105 10110101010111
102 10110101011
173 10110101100
76 10110101101
47 1011010111
135 1011011000
147 10110110010
150 10110110011
167 1011011010
213 1011011011
206 101101110
22 101101111
253 10111
1 1100
71 110100000
198 11010000100
40 11010000101
66 1101000011
241 11010001
181 1101001000
81 1101001001
220 110100101
23 110100110
229 1101001110
68 1101001111
4 110101
3 11011
208 111000000
209 111000001
54 1110000100
218 1110000101
196 1110000110
194 1110000111
10 11100010
184 111000110000
175 111000110001
163 111000110010
162 111000110011
180 1110001101
87 11100011100000
101 11100011100001
121 11100011100010
123 11100011100011
130 1110001110010
128 1110001110011
107 11100011101000
115 11100011101001
118 11100011101010
119 11100011101011
108 11100011101100
111 11100011101101
89 11100011101110
94 11100011101111
95 1110001111000
97 1110001111001
225 111000111101
224 111000111110
190 1110001111110
141 1110001111111
11 11100100
174 11100101000
78 11100101001
31 1110010101
222 111001011000
160 11100101100100
161 11100101100101
122 1110010110011
191 11100101101
41 111001011100
80 111001011101
33 11100101111
155 1110011000000
158 1110011000001
112 11100110000100
106 11100110000101
159 1110011000011
215 11100110001
98 111001100100
200 111001100101
84 111001100110
149 1110011001110
153 1110011001111
99 111001101000
100 111001101001
104 111001101010
214 111001101011
187 11100110110
186 11100110111
49 1110011100
117 1110011101000
226 1110011101001
103 1110011101010
85 1110011101011
96 1110011101100
93 1110011101101
156 111001110111
14 111001111
2 11101
251 111100
165 11110100000
152 11110100001
59 11110100010
56 11110100011
30 1111010010
145 1111010011
244 11110101
26 111101100
28 111101101
34 1111011100
64 11110111010
131 11110111011
170 1111011110
53 1111011111
7 1111100
13 11111010
217 1111101100
67 1111101101
21 111110111
250 1111110
235 111111100
178 111111101
246 11111111
255	241	255	|	255	234	249	|	255	225	230	|	255	220	217	|	255	223	216	|	255	231	222	|	255	220	219	|	255	217	219	|	255	217	223	|	255	217	225	|	255	219	229	|	255	222	227	|	255	223	223	|	255	223	218	|	255	219	218	|	255	219	216	|	255	219	220	|	255	220	220	|	255	220	218	|	255	220	220	|	255	220	223	|	255	220	223	|	255	219	220	|	255	219	218	|	255	218	219	|	255	218	219	|	255	221	219	|	255	221	217	|	255	218	215	|	255	222	224	|	255	227	242	|	255	230	254	|	255	236	255	|	255	240	255	|	245	241	255	|	238	243	255	|	235	242	255	|	235	243	255	|	240	242	255	|	241	242	255	|	240	242	255	|	240	242	255	|	240	242	255	|	240	242	255	|	242	240	255	|	241	241	255	|	240	242	255	|	240	242	255	|	242	239	255	|	242	239	255	|	242	241	255	|	241	242	255	|	242	241	255	|	242	240	255	|	245	238	255	|	244	239	255	|	242	241	255	|	241	245	255	|	236	244	255	|	240	247	255	|	240	240	255	|	244	238	255	|	253	245	255	|	254	245	255	|	
255	227	241	|	164	108	119	|	162	72	74	|	182	78	75	|	170	80	72	|	173	82	77	|	177	77	77	|	188	79	82	|	186	71	76	|	186	71	78	|	180	73	81	|	178	75	79	|	176	76	76	|	179	75	72	|	185	73	71	|	187	71	71	|	183	73	72	|	182	74	72	|	183	74	71	|	182	74	72	|	180	74	76	|	180	74	76	|	183	73	72	|	185	73	71	|	186	74	73	|	183	73	72	|	184	74	73	|	186	74	72	|	185	72	68	|	179	75	76	|	167	79	95	|	146	81	115	|	96	58	117	|	79	61	143	|	70	63	166	|	63	65	174	|	62	66	174	|	62	67	171	|	64	66	167	|	66	66	166	|	67	66	168	|	65	67	168	|	67	67	167	|	67	66	168	|	68	65	172	|	68	65	170	|	65	67	167	|	65	67	167	|	68	65	172	|	68	65	172	|	67	67	167	|	65	67	167	|	67	67	167	|	68	65	170	|	70	64	172	|	70	64	172	|	67	67	167	|	67	70	163	|	62	69	157	|	59	66	157	|	66	66	176	|	67	62	162	|	81	75	137	|	221	214	255	|	
255	212	215	|	153	55	56	|	177	28	24	|	205	30	25	|	195	20	15	|	199	20	16	|	203	15	16	|	213	20	23	|	213	19	20	|	210	20	22	|	206	21	26	|	203	23	26	|	205	23	22	|	206	23	19	|	212	20	17	|	213	19	17	|	209	21	19	|	207	22	19	|	209	21	19	|	207	22	20	|	206	22	24	|	206	22	24	|	209	21	20	|	209	21	19	|	209	21	20	|	208	20	19	|	209	21	20	|	209	21	19	|	208	19	15	|	202	22	23	|	189	24	40	|	150	27	81	|	58	0	117	|	26	6	165	|	16	7	186	|	9	8	198	|	9	10	199	|	9	10	198	|	11	9	194	|	13	9	194	|	10	5	193	|	8	6	193	|	10	5	193	|	10	5	193	|	11	4	196	|	11	4	196	|	8	6	193	|	8	6	191	|	8	6	193	|	7	7	191	|	6	8	189	|	6	8	187	|	7	7	191	|	7	7	193	|	10	4	198	|	10	4	198	|	10	10	196	|	2	4	183	|	2	10	181	|	3	11	182	|	7	10	187	|	13	13	171	|	12	12	122	|	197	197	255	|	
255	204	198	|	172	57	52	|	210	28	24	|	229	12	7	|	235	10	8	|	246	14	12	|	242	3	6	|	243	3	4	|	244	6	6	|	242	6	8	|	238	8	11	|	237	8	11	|	238	8	8	|	240	8	4	|	244	6	4	|	244	6	3	|	241	8	4	|	240	8	4	|	240	8	4	|	240	8	6	|	237	9	10	|	237	9	10	|	240	8	6	|	241	8	4	|	241	7	6	|	238	6	4	|	239	7	5	|	240	8	6	|	241	8	4	|	235	11	12	|	220	12	28	|	173	17	82	|	64	0	142	|	23	2	201	|	12	2	223	|	6	4	237	|	3	5	238	|	3	5	238	|	7	3	237	|	8	4	238	|	9	5	240	|	8	6	240	|	9	5	240	|	9	5	242	|	11	3	244	|	9	4	244	|	8	6	240	|	6	7	239	|	6	6	240	|	6	7	239	|	5	8	237	|	4	8	237	|	5	7	239	|	6	6	240	|	9	4	244	|	8	5	244	|	4	4	240	|	2	6	237	|	5	13	236	|	6	15	234	|	0	1	220	|	12	13	202	|	18	21	154	|	189	192	255	|	
255	209	198	|	171	62	55	|	205	20	17	|	231	1	1	|	244	4	3	|	248	2	3	|	247	0	0	|	250	0	1	|	251	3	1	|	251	3	3	|	249	3	6	|	248	4	6	|	249	4	3	|	249	4	1	|	251	3	1	|	251	3	1	|	251	3	1	|	249	4	1	|	249	4	1	|	249	4	3	|	247	4	6	|	247	4	6	|	249	4	3	|	251	3	1	|	251	3	3	|	247	1	2	|	248	2	3	|	249	4	3	|	252	4	2	|	246	7	12	|	230	9	27	|	179	14	80	|	66	0	146	|	20	3	206	|	8	3	228	|	1	4	243	|	0	4	246	|	0	3	245	|	1	1	245	|	2	2	246	|	0	0	246	|	0	0	248	|	0	0	248	|	0	0	248	|	0	0	248	|	0	0	248	|	0	0	248	|	0	1	246	|	0	0	248	|	0	1	246	|	0	1	246	|	0	1	246	|	0	1	246	|	0	0	248	|	1	0	248	|	1	0	248	|	0	0	245	|	0	4	249	|	0	1	243	|	0	0	238	|	0	4	235	|	4	7	200	|	13	18	146	|	195	201	255	|	
255	206	197	|	166	59	53	|	209	19	19	|	248	9	12	|	252	4	5	|	250	0	0	|	255	3	3	|	255	2	0	|	252	0	0	|	252	0	0	|	252	0	2	|	252	0	2	|	253	0	0	|	253	0	0	|	252	0	0	|	252	0	0	|	253	0	0	|	253	0	0	|	253	0	0	|	252	0	0	|	250	0	2	|	250	0	2	|	252	0	0	|	253	0	0	|	254	0	2	|	252	0	0	|	252	0	1	|	252	0	1	|	253	0	0	|	247	2	9	|	231	4	24	|	179	10	79	|	68	0	146	|	19	2	205	|	6	1	228	|	0	2	243	|	0	3	249	|	0	0	249	|	0	0	249	|	0	0	251	|	1	1	255	|	0	2	255	|	0	2	255	|	0	2	255	|	1	1	255	|	0	2	255	|	0	3	255	|	0	3	255	|	1	1	255	|	1	1	255	|	0	2	255	|	0	2	255	|	1	1	255	|	1	1	255	|	3	0	255	|	3	0	255	|	5	4	255	|	0	0	253	|	0	2	254	|	0	0	248	|	9	10	250	|	9	11	210	|	9	13	139	|	192	197	255	|	
255	211	210	|	172	58	58	|	210	13	20	|	244	3	10	|	249	0	5	|	255	1	5	|	255	2	4	|	248	0	0	|	252	3	0	|	252	3	0	|	254	1	4	|	255	0	4	|	255	1	3	|	254	2	1	|	252	2	3	|	252	3	1	|	254	2	1	|	255	1	1	|	255	1	1	|	254	1	3	|	252	1	6	|	252	1	6	|	254	1	3	|	255	1	1	|	255	1	3	|	254	0	3	|	253	0	3	|	253	0	3	|	252	0	2	|	246	2	10	|	231	5	27	|	181	12	81	|	70	0	145	|	20	2	202	|	7	0	226	|	1	2	242	|	0	3	248	|	0	1	250	|	0	0	251	|	1	0	252	|	0	0	253	|	0	0	253	|	0	0	251	|	0	0	251	|	0	0	253	|	0	0	253	|	0	0	251	|	0	0	251	|	0	0	253	|	1	0	253	|	0	0	253	|	0	0	253	|	0	0	251	|	1	0	251	|	4	0	251	|	4	0	251	|	4	0	254	|	0	0	249	|	5	5	255	|	0	1	251	|	0	0	240	|	6	3	208	|	19	17	150	|	196	197	255	|	
255	201	205	|	177	56	61	|	215	15	25	|	244	3	10	|	251	2	8	|	255	3	6	|	248	0	0	|	253	4	0	|	250	3	0	|	250	3	0	|	253	0	2	|	254	0	3	|	254	0	2	|	253	0	2	|	251	1	2	|	250	2	0	|	253	1	0	|	254	0	0	|	254	0	0	|	253	1	0	|	251	0	5	|	251	1	3	|	253	0	2	|	254	0	0	|	254	0	2	|	252	0	2	|	253	0	3	|	251	1	3	|	250	0	2	|	244	3	12	|	229	5	29	|	182	13	82	|	69	0	144	|	23	0	202	|	9	0	225	|	4	0	243	|	2	2	250	|	0	0	251	|	1	0	251	|	3	0	253	|	1	0	254	|	0	0	254	|	0	1	252	|	1	0	252	|	1	0	254	|	1	0	254	|	0	1	252	|	0	2	251	|	1	0	252	|	2	0	252	|	1	0	254	|	0	0	254	|	1	0	252	|	2	0	251	|	4	0	249	|	4	0	249	|	4	0	251	|	3	2	254	|	0	0	251	|	4	3	255	|	4	0	247	|	8	2	212	|	21	19	154	|	194	194	255	|	
255	201	208	|	178	51	58	|	215	16	23	|	244	5	11	|	248	2	7	|	250	2	2	|	250	3	0	|	250	3	0	|	248	4	0	|	250	3	0	|	251	2	0	|	253	0	2	|	253	1	0	|	251	2	0	|	250	2	0	|	250	2	0	|	253	1	0	|	253	1	0	|	254	0	0	|	253	1	0	|	251	1	3	|	251	1	2	|	253	1	0	|	254	0	0	|	253	0	2	|	252	2	3	|	250	0	1	|	251	3	3	|	250	2	2	|	242	3	9	|	229	7	28	|	179	12	81	|	71	0	147	|	23	0	204	|	11	0	230	|	6	0	248	|	2	0	251	|	0	0	253	|	4	0	254	|	4	0	254	|	1	0	254	|	1	0	254	|	1	0	254	|	1	0	254	|	2	0	254	|	2	0	254	|	0	1	252	|	0	1	251	|	0	1	249	|	0	1	249	|	0	1	252	|	0	2	254	|	0	1	252	|	0	1	251	|	1	1	245	|	1	1	245	|	1	1	245	|	0	2	249	|	0	2	252	|	0	0	251	|	4	2	249	|	6	2	211	|	17	16	152	|	193	195	255	|	
255	200	208	|	178	51	58	|	215	16	23	|	242	5	11	|	247	3	5	|	250	2	2	|	250	3	0	|	250	3	0	|	250	3	0	|	251	3	0	|	253	1	0	|	253	0	2	|	253	1	0	|	253	1	0	|	251	2	0	|	251	2	0	|	253	1	0	|	253	1	0	|	254	0	0	|	253	1	0	|	251	1	2	|	251	1	2	|	253	1	0	|	254	0	0	|	253	1	0	|	252	2	3	|	250	0	1	|	251	3	3	|	250	2	2	|	240	3	9	|	227	8	28	|	179	12	82	|	71	0	148	|	23	0	206	|	11	0	234	|	6	0	250	|	2	0	252	|	0	0	253	|	4	0	254	|	4	0	254	|	1	0	254	|	0	0	254	|	1	0	254	|	1	0	254	|	2	0	254	|	2	0	254	|	0	1	252	|	0	1	251	|	0	2	247	|	0	2	247	|	0	2	252	|	0	2	254	|	0	2	252	|	0	2	251	|	0	2	247	|	0	2	245	|	0	3	245	|	0	3	247	|	0	3	251	|	0	1	250	|	3	3	247	|	5	3	210	|	17	16	152	|	193	195	255	|	
255	202	208	|	176	53	58	|	212	17	23	|	241	6	11	|	248	2	5	|	253	0	2	|	253	1	0	|	253	2	0	|	253	2	0	|	253	2	0	|	254	0	2	|	254	0	2	|	254	0	0	|	254	0	0	|	253	0	2	|	253	1	0	|	254	0	0	|	254	0	0	|	254	0	0	|	254	0	0	|	253	0	3	|	253	0	3	|	254	0	0	|	254	0	0	|	254	0	0	|	254	1	3	|	250	0	2	|	252	2	4	|	251	1	3	|	242	2	11	|	229	7	30	|	179	12	82	|	71	0	148	|	22	0	206	|	10	0	234	|	3	1	252	|	0	1	252	|	0	0	253	|	1	0	254	|	1	0	254	|	0	0	254	|	0	1	254	|	0	1	252	|	0	1	252	|	1	0	254	|	1	0	254	|	0	1	252	|	0	2	251	|	0	2	247	|	0	2	247	|	0	2	252	|	0	2	254	|	0	2	254	|	0	1	252	|	0	1	252	|	0	1	251	|	0	2	247	|	0	3	247	|	0	3	249	|	0	2	246	|	3	4	244	|	3	4	208	|	15	18	151	|	192	196	255	|	
255	203	206	|	174	54	56	|	211	18	21	|	241	7	10	|	248	2	3	|	253	0	2	|	254	0	0	|	254	1	0	|	254	1	0	|	254	1	0	|	254	0	0	|	254	0	2	|	254	0	0	|	254	0	0	|	254	0	0	|	254	0	0	|	254	0	0	|	254	0	0	|	254	0	0	|	254	0	0	|	253	0	3	|	253	0	2	|	254	0	0	|	254	0	0	|	254	0	0	|	255	1	1	|	252	0	1	|	252	2	3	|	251	1	2	|	243	2	9	|	230	7	28	|	179	12	81	|	70	0	148	|	22	0	206	|	8	0	232	|	3	1	250	|	0	1	252	|	0	1	253	|	0	0	254	|	0	0	254	|	0	1	254	|	0	1	252	|	0	2	251	|	0	2	251	|	0	1	252	|	0	0	254	|	0	1	252	|	0	2	251	|	0	1	249	|	0	1	249	|	0	1	252	|	0	2	254	|	0	1	254	|	0	1	254	|	0	0	254	|	0	1	252	|	0	2	251	|	0	3	249	|	0	3	249	|	0	2	246	|	3	4	244	|	5	4	206	|	15	18	149	|	192	196	255	|	
255	205	201	|	173	55	51	|	211	19	18	|	242	6	6	|	250	2	2	|	254	0	0	|	254	1	0	|	254	1	0	|	254	1	0	|	254	1	0	|	254	0	0	|	254	0	0	|	254	1	0	|	254	1	0	|	254	0	0	|	254	0	0	|	254	0	0	|	254	1	0	|	254	1	0	|	254	1	0	|	254	0	0	|	254	0	0	|	254	1	0	|	254	1	0	|	254	1	0	|	255	1	0	|	253	0	0	|	254	2	0	|	253	1	0	|	243	3	6	|	230	7	25	|	179	13	77	|	70	0	145	|	21	0	203	|	8	0	230	|	3	1	248	|	0	1	252	|	0	1	253	|	0	0	254	|	0	0	254	|	0	1	252	|	0	2	251	|	0	3	247	|	0	2	249	|	0	1	252	|	0	0	254	|	0	1	252	|	0	1	252	|	1	0	251	|	1	0	251	|	0	1	252	|	0	1	254	|	0	0	254	|	1	0	254	|	2	0	254	|	2	0	254	|	1	0	252	|	0	1	252	|	0	2	251	|	0	1	246	|	4	3	244	|	6	3	206	|	17	17	151	|	193	195	255	|	
255	205	201	|	174	55	51	|	212	18	16	|	242	6	6	|	250	2	2	|	254	0	0	|	253	1	0	|	253	2	0	|	253	2	0	|	253	2	0	|	254	0	0	|	254	0	0	|	254	0	0	|	254	1	0	|	253	1	0	|	253	1	0	|	254	0	0	|	254	0	0	|	254	0	0	|	254	0	0	|	254	0	0	|	254	0	0	|	254	1	0	|	254	1	0	|	254	0	0	|	255	1	0	|	253	0	0	|	254	2	0	|	253	1	0	|	243	3	6	|	230	7	25	|	179	13	77	|	70	0	143	|	21	0	201	|	10	0	228	|	3	1	248	|	0	1	252	|	0	1	253	|	0	0	254	|	0	0	254	|	0	1	252	|	0	2	251	|	0	2	247	|	0	2	249	|	1	0	252	|	1	0	254	|	0	1	252	|	0	1	252	|	2	0	252	|	2	0	252	|	1	0	252	|	0	1	252	|	0	0	254	|	1	0	252	|	2	0	254	|	2	0	254	|	1	0	254	|	0	1	252	|	0	2	252	|	0	1	248	|	4	3	244	|	6	3	208	|	17	16	152	|	193	195	255	|	
255	202	202	|	178	52	53	|	215	16	19	|	244	5	8	|	250	1	5	|	253	0	3	|	251	1	2	|	250	2	0	|	250	2	0	|	251	1	2	|	253	0	5	|	254	0	5	|	254	0	3	|	253	0	2	|	251	1	2	|	251	1	2	|	253	0	3	|	253	0	2	|	254	0	2	|	254	0	2	|	253	0	3	|	253	0	3	|	254	0	0	|	254	0	0	|	254	0	2	|	255	1	3	|	252	0	1	|	254	1	3	|	253	0	2	|	243	2	9	|	230	7	28	|	179	12	81	|	71	0	145	|	22	0	203	|	11	0	230	|	5	1	248	|	0	1	252	|	0	0	253	|	1	0	254	|	1	0	254	|	0	1	252	|	0	1	251	|	0	1	251	|	1	0	251	|	2	0	252	|	2	0	254	|	1	0	254	|	1	0	252	|	2	0	252	|	1	0	252	|	0	1	252	|	0	2	251	|	0	1	252	|	0	1	251	|	1	0	252	|	1	0	252	|	0	1	252	|	0	2	252	|	0	3	252	|	0	2	248	|	3	3	247	|	5	3	211	|	15	16	156	|	192	195	255	|	
255	202	202	|	178	52	55	|	216	15	21	|	245	4	10	|	250	1	5	|	253	0	3	|	251	1	3	|	250	2	2	|	250	2	0	|	251	1	2	|	253	0	5	|	254	0	7	|	254	0	3	|	253	0	3	|	251	1	3	|	250	2	3	|	253	0	3	|	253	0	3	|	254	0	3	|	253	0	3	|	253	0	5	|	251	1	3	|	254	0	2	|	254	0	0	|	254	0	2	|	255	0	4	|	252	0	2	|	252	2	4	|	251	1	3	|	243	2	11	|	229	7	30	|	179	12	82	|	71	0	147	|	23	0	204	|	10	0	232	|	5	0	250	|	1	0	252	|	0	0	253	|	1	0	254	|	1	0	254	|	0	1	252	|	0	1	252	|	1	0	252	|	1	0	252	|	2	0	252	|	2	0	254	|	1	0	254	|	1	0	254	|	2	0	252	|	1	0	252	|	0	1	252	|	0	2	251	|	0	1	252	|	0	1	251	|	1	0	252	|	1	0	252	|	0	1	252	|	0	2	252	|	0	3	251	|	0	2	248	|	3	4	245	|	3	4	210	|	15	16	156	|	192	195	255	|	
255	203	204	|	177	53	55	|	215	16	21	|	245	4	10	|	250	1	5	|	254	0	2	|	253	1	0	|	253	1	0	|	251	2	0	|	253	1	0	|	254	0	3	|	254	0	5	|	254	0	2	|	254	0	2	|	253	0	2	|	253	0	2	|	253	0	2	|	254	0	0	|	254	0	0	|	253	1	0	|	253	0	3	|	251	1	2	|	254	0	0	|	254	0	0	|	254	0	0	|	255	1	3	|	252	0	1	|	252	2	3	|	251	1	2	|	242	3	9	|	229	7	28	|	179	12	82	|	70	0	147	|	22	0	206	|	8	0	235	|	3	0	253	|	1	0	254	|	0	0	253	|	1	0	254	|	0	0	254	|	0	1	254	|	0	1	254	|	1	0	254	|	1	0	252	|	0	1	252	|	0	1	252	|	0	0	254	|	0	0	254	|	1	0	254	|	1	0	254	|	0	0	254	|	0	1	252	|	0	0	254	|	0	1	252	|	1	0	254	|	1	0	252	|	0	0	251	|	0	3	252	|	0	1	247	|	0	4	246	|	2	3	241	|	7	6	208	|	17	16	152	|	193	195	255	|	
255	204	204	|	176	53	55	|	213	17	21	|	244	5	10	|	251	1	3	|	254	0	0	|	254	0	0	|	254	1	0	|	253	2	0	|	253	2	0	|	254	0	2	|	254	0	3	|	254	0	2	|	254	0	0	|	253	0	2	|	253	0	2	|	254	0	0	|	254	0	0	|	254	0	0	|	254	0	0	|	253	0	2	|	253	0	2	|	254	0	0	|	254	1	0	|	254	0	0	|	255	1	1	|	252	0	1	|	252	2	3	|	251	1	2	|	242	3	9	|	229	7	28	|	179	12	81	|	71	0	147	|	21	0	206	|	7	0	235	|	2	1	253	|	1	0	252	|	0	0	251	|	0	0	254	|	0	1	254	|	0	1	254	|	0	1	254	|	1	0	254	|	1	0	254	|	0	1	252	|	0	1	252	|	0	1	252	|	0	0	254	|	1	0	254	|	0	0	254	|	0	0	254	|	0	1	254	|	0	0	254	|	0	0	254	|	2	0	254	|	1	0	254	|	0	0	251	|	0	3	252	|	0	0	247	|	0	4	246	|	3	3	241	|	7	6	208	|	17	16	152	|	193	195	255	|	
255	203	204	|	176	53	55	|	213	17	21	|	244	5	10	|	251	1	3	|	254	0	0	|	254	0	0	|	254	1	0	|	253	2	0	|	253	2	0	|	254	0	2	|	254	0	3	|	254	0	2	|	254	0	0	|	254	0	0	|	254	0	0	|	254	0	0	|	254	0	0	|	254	0	0	|	254	0	0	|	253	0	2	|	253	0	2	|	254	0	0	|	254	1	0	|	254	0	0	|	255	1	1	|	252	0	1	|	252	2	3	|	251	1	2	|	243	2	9	|	230	7	28	|	179	12	81	|	71	0	143	|	22	0	203	|	7	0	234	|	2	1	252	|	1	0	251	|	0	0	250	|	0	1	252	|	0	1	252	|	0	1	252	|	0	1	252	|	1	0	254	|	1	0	252	|	0	1	251	|	0	2	249	|	0	1	251	|	0	1	252	|	1	0	254	|	0	0	254	|	0	0	254	|	0	1	254	|	0	0	254	|	0	0	254	|	2	0	254	|	1	0	254	|	0	0	253	|	0	2	253	|	0	0	250	|	0	3	250	|	3	2	244	|	7	5	212	|	17	16	156	|	193	194	255	|	
255	204	204	|	176	53	55	|	213	17	21	|	244	5	10	|	250	2	3	|	253	1	0	|	253	1	0	|	253	2	0	|	253	2	0	|	253	2	0	|	253	0	2	|	254	0	2	|	254	0	0	|	254	0	0	|	253	1	0	|	253	1	0	|	253	1	0	|	254	0	0	|	254	0	0	|	253	1	0	|	253	0	2	|	253	0	2	|	254	0	0	|	254	1	0	|	254	0	0	|	254	2	1	|	252	0	1	|	252	2	3	|	251	1	2	|	242	3	9	|	229	7	28	|	179	13	79	|	71	0	143	|	22	0	203	|	7	0	234	|	2	1	252	|	1	0	251	|	0	0	250	|	0	1	252	|	0	1	252	|	0	1	252	|	0	1	252	|	1	0	254	|	1	0	252	|	0	1	251	|	0	2	249	|	0	1	251	|	0	1	252	|	1	0	252	|	0	1	252	|	0	1	252	|	0	1	252	|	0	0	254	|	0	0	254	|	2	0	254	|	1	0	254	|	0	0	253	|	0	2	255	|	0	0	250	|	0	3	252	|	3	2	246	|	7	5	212	|	17	15	158	|	193	194	255	|	
255	205	204	|	173	55	55	|	211	18	21	|	241	7	10	|	248	2	3	|	251	2	0	|	251	2	0	|	250	3	0	|	250	3	0	|	250	3	0	|	253	0	2	|	253	0	2	|	253	1	0	|	253	1	0	|	251	2	0	|	251	2	0	|	251	2	0	|	253	1	0	|	253	1	0	|	253	1	0	|	250	2	2	|	251	1	2	|	253	1	0	|	254	1	0	|	253	1	0	|	252	3	1	|	249	1	0	|	251	3	1	|	250	2	0	|	240	4	8	|	227	9	26	|	178	13	79	|	71	0	145	|	22	0	204	|	7	0	235	|	2	1	253	|	1	0	252	|	0	0	251	|	1	0	254	|	0	0	254	|	0	1	254	|	0	0	254	|	2	0	254	|	2	0	254	|	1	0	252	|	0	1	252	|	1	0	252	|	1	0	252	|	1	1	249	|	0	1	249	|	0	1	249	|	0	2	251	|	0	1	252	|	0	1	252	|	2	0	254	|	1	0	254	|	0	0	253	|	0	2	253	|	0	0	249	|	0	3	248	|	3	2	243	|	7	6	208	|	17	16	154	|	193	195	255	|	
255	205	204	|	173	55	55	|	211	18	21	|	242	6	10	|	248	2	3	|	251	2	0	|	251	2	0	|	250	3	0	|	250	3	0	|	250	3	0	|	253	0	2	|	253	0	2	|	253	1	0	|	253	1	0	|	251	2	0	|	251	2	0	|	251	2	0	|	253	1	0	|	253	1	0	|	253	1	0	|	251	1	2	|	251	1	2	|	253	1	0	|	254	1	0	|	253	1	0	|	252	3	1	|	249	1	0	|	251	3	1	|	250	2	0	|	242	3	8	|	227	9	26	|	178	13	79	|	71	0	145	|	22	0	204	|	7	0	237	|	2	1	253	|	1	0	252	|	0	0	251	|	1	0	254	|	0	0	254	|	0	0	254	|	0	0	254	|	2	0	254	|	2	0	254	|	1	0	252	|	0	1	252	|	1	0	254	|	1	0	252	|	1	1	249	|	0	2	247	|	0	1	249	|	0	2	251	|	0	1	252	|	0	1	252	|	2	0	254	|	1	0	254	|	0	0	253	|	0	2	253	|	0	0	249	|	0	4	246	|	3	3	241	|	7	6	208	|	17	16	152	|	193	195	255	|	
255	204	204	|	176	53	55	|	213	17	19	|	244	5	8	|	250	2	3	|	253	1	0	|	253	1	0	|	253	2	0	|	253	2	0	|	253	2	0	|	253	1	0	|	254	0	0	|	254	0	0	|	254	1	0	|	253	2	0	|	253	1	0	|	253	1	0	|	254	0	0	|	254	0	0	|	254	0	0	|	253	0	2	|	253	0	2	|	254	0	0	|	254	1	0	|	254	0	0	|	254	2	0	|	252	0	0	|	254	2	1	|	253	1	0	|	245	2	8	|	232	6	26	|	181	12	79	|	71	0	143	|	22	0	203	|	7	0	235	|	2	1	252	|	1	0	251	|	0	0	250	|	1	0	252	|	0	0	254	|	0	0	254	|	0	0	254	|	2	0	254	|	2	0	254	|	1	0	252	|	0	1	252	|	1	0	254	|	1	0	252	|	1	0	251	|	0	1	251	|	0	1	251	|	0	1	252	|	0	1	252	|	0	0	254	|	2	0	254	|	1	0	254	|	0	0	253	|	0	2	253	|	0	0	249	|	0	3	248	|	3	2	243	|	7	6	208	|	17	16	152	|	193	195	255	|	
255	203	204	|	176	53	55	|	215	16	19	|	245	5	8	|	251	1	3	|	254	0	2	|	254	0	0	|	253	2	0	|	253	2	0	|	253	2	0	|	254	0	0	|	254	0	0	|	254	0	0	|	254	1	0	|	254	1	0	|	254	1	0	|	254	0	0	|	254	0	0	|	254	0	0	|	254	0	0	|	254	0	2	|	254	0	2	|	254	0	0	|	254	1	0	|	254	0	0	|	255	1	0	|	253	0	0	|	255	1	1	|	254	0	0	|	245	2	8	|	233	6	26	|	182	11	79	|	73	0	143	|	22	0	203	|	7	0	234	|	2	1	252	|	1	0	251	|	0	0	250	|	1	0	252	|	0	0	254	|	0	0	254	|	0	0	254	|	2	0	254	|	2	0	252	|	1	0	252	|	0	1	251	|	1	0	254	|	1	0	254	|	1	0	252	|	0	1	252	|	0	1	252	|	0	1	252	|	0	0	254	|	0	0	254	|	1	0	254	|	1	0	254	|	0	0	253	|	0	2	253	|	0	0	249	|	0	3	248	|	3	3	241	|	7	6	208	|	17	17	151	|	193	195	255	|	
255	203	201	|	176	54	53	|	214	18	20	|	244	5	8	|	250	1	5	|	255	1	3	|	253	1	0	|	251	0	0	|	251	2	0	|	251	2	0	|	253	0	2	|	254	0	2	|	254	0	0	|	254	1	0	|	253	2	0	|	253	2	0	|	253	1	0	|	253	1	0	|	254	0	0	|	254	0	0	|	253	0	2	|	253	0	2	|	254	0	0	|	254	1	0	|	254	0	0	|	254	0	0	|	252	0	0	|	254	2	1	|	252	0	0	|	242	1	7	|	232	6	26	|	180	11	78	|	71	0	145	|	22	0	204	|	6	0	234	|	1	0	251	|	1	0	251	|	1	0	251	|	2	1	253	|	1	1	255	|	0	0	254	|	0	0	254	|	2	0	254	|	2	0	252	|	1	0	252	|	0	1	251	|	1	0	254	|	1	0	254	|	1	0	254	|	0	0	254	|	0	1	254	|	0	2	254	|	0	1	254	|	0	0	254	|	1	0	254	|	1	0	254	|	1	0	254	|	0	3	254	|	0	1	250	|	0	4	246	|	3	3	239	|	7	6	206	|	14	17	148	|	192	196	255	|	
255	202	201	|	176	54	53	|	213	17	19	|	243	4	7	|	249	0	4	|	254	0	2	|	253	1	0	|	250	1	0	|	251	4	0	|	252	3	0	|	254	1	3	|	255	1	3	|	255	1	0	|	255	2	0	|	254	3	0	|	254	2	0	|	254	2	1	|	254	2	1	|	255	1	1	|	254	2	1	|	252	2	4	|	252	2	3	|	254	2	0	|	255	2	0	|	255	1	1	|	254	2	1	|	253	1	0	|	255	3	2	|	251	2	0	|	243	2	8	|	231	8	27	|	181	12	79	|	71	0	145	|	22	0	204	|	7	0	235	|	2	1	252	|	1	0	251	|	1	0	251	|	1	0	252	|	0	0	251	|	0	1	254	|	0	0	254	|	2	0	254	|	2	0	252	|	1	0	251	|	0	1	251	|	1	0	252	|	1	0	254	|	1	0	254	|	0	0	254	|	0	1	254	|	0	2	254	|	0	1	254	|	0	0	254	|	1	0	254	|	1	0	254	|	1	0	254	|	0	3	254	|	0	1	250	|	0	4	246	|	2	3	241	|	8	7	207	|	16	19	152	|	193	197	255	|	
255	203	202	|	178	54	54	|	214	18	20	|	244	5	8	|	249	0	4	|	254	0	2	|	254	2	1	|	252	3	0	|	249	2	0	|	250	1	0	|	252	0	2	|	252	0	2	|	253	0	0	|	253	0	0	|	252	0	0	|	250	1	0	|	250	1	0	|	250	1	0	|	252	0	0	|	252	0	0	|	250	0	2	|	250	0	2	|	252	0	0	|	253	0	0	|	252	0	0	|	253	1	0	|	251	0	0	|	251	2	0	|	250	1	0	|	242	1	7	|	228	7	25	|	178	12	78	|	71	0	145	|	22	0	204	|	7	0	234	|	3	2	253	|	2	1	252	|	1	0	251	|	0	1	251	|	0	0	250	|	0	0	251	|	0	0	251	|	0	0	253	|	0	0	251	|	0	0	248	|	0	1	248	|	0	0	251	|	0	0	253	|	0	0	253	|	0	0	253	|	0	0	253	|	0	1	253	|	0	0	253	|	0	0	253	|	0	0	253	|	0	0	253	|	0	0	253	|	0	2	253	|	0	0	249	|	0	4	248	|	2	3	243	|	5	6	210	|	15	17	154	|	193	196	255	|	
255	201	201	|	178	52	53	|	216	17	20	|	245	5	8	|	251	0	5	|	254	0	3	|	253	0	2	|	252	3	1	|	251	3	1	|	251	3	1	|	254	1	4	|	254	1	4	|	255	1	3	|	254	2	1	|	254	2	1	|	252	3	1	|	252	2	3	|	252	2	3	|	254	1	3	|	252	2	3	|	252	1	6	|	252	2	4	|	254	2	1	|	255	1	0	|	254	2	1	|	254	2	1	|	251	2	0	|	253	4	2	|	251	2	0	|	243	2	8	|	230	9	27	|	179	13	79	|	70	0	144	|	22	0	204	|	7	0	235	|	2	1	252	|	1	0	251	|	1	2	252	|	2	3	253	|	0	2	251	|	0	2	251	|	0	1	252	|	1	0	254	|	1	0	252	|	0	1	249	|	0	2	249	|	0	1	252	|	0	0	254	|	0	1	252	|	0	1	252	|	0	1	252	|	0	2	252	|	0	1	252	|	0	1	251	|	1	0	252	|	1	0	251	|	0	1	252	|	0	3	252	|	0	1	250	|	0	4	248	|	1	2	242	|	4	5	209	|	14	15	155	|	191	194	255	|	
255	200	199	|	179	51	52	|	216	16	19	|	248	5	9	|	251	0	5	|	253	0	2	|	252	0	1	|	251	2	0	|	250	2	0	|	250	2	2	|	253	0	5	|	253	0	5	|	254	0	3	|	253	0	2	|	253	0	2	|	251	1	2	|	251	1	2	|	251	1	2	|	253	0	2	|	251	1	2	|	251	0	5	|	251	1	3	|	253	1	0	|	254	0	0	|	252	0	0	|	253	0	2	|	249	0	0	|	251	1	2	|	250	0	1	|	242	1	8	|	229	6	25	|	178	11	80	|	70	0	146	|	22	0	209	|	6	0	237	|	0	1	252	|	0	0	251	|	0	1	252	|	1	2	253	|	0	1	252	|	0	3	253	|	0	3	253	|	1	1	255	|	1	2	253	|	0	3	252	|	0	3	252	|	0	2	253	|	0	2	253	|	1	2	252	|	0	3	250	|	0	3	248	|	0	4	248	|	0	3	248	|	1	3	246	|	2	2	248	|	2	2	246	|	0	2	247	|	0	4	249	|	0	2	246	|	0	4	246	|	2	3	241	|	5	6	210	|	15	16	156	|	193	196	255	|	
255	207	203	|	174	56	52	|	212	19	20	|	242	10	10	|	246	6	7	|	248	4	4	|	247	3	2	|	246	4	2	|	244	5	0	|	243	5	2	|	246	3	5	|	246	3	5	|	247	3	3	|	246	4	2	|	246	4	2	|	244	5	2	|	244	4	3	|	244	4	3	|	246	4	3	|	244	4	3	|	244	4	5	|	244	4	5	|	246	4	0	|	247	4	0	|	246	4	2	|	247	5	3	|	243	4	1	|	245	6	3	|	244	5	2	|	236	6	9	|	223	11	26	|	175	15	77	|	68	0	137	|	22	2	195	|	7	3	224	|	0	3	238	|	0	1	236	|	0	3	235	|	0	4	238	|	0	3	236	|	0	5	238	|	0	5	236	|	0	3	238	|	0	4	236	|	0	5	235	|	0	6	235	|	0	4	236	|	0	4	236	|	0	4	235	|	0	5	233	|	0	5	231	|	0	6	231	|	0	5	231	|	0	6	229	|	1	4	229	|	0	5	229	|	0	4	230	|	0	7	232	|	0	4	231	|	0	7	232	|	2	5	230	|	5	8	199	|	15	19	145	|	193	198	255	|	
255	216	205	|	160	62	51	|	196	23	17	|	226	13	7	|	232	10	5	|	234	9	3	|	232	9	1	|	232	11	2	|	232	14	2	|	231	15	4	|	234	12	9	|	234	12	9	|	235	12	7	|	234	13	5	|	234	13	5	|	232	14	5	|	232	13	7	|	232	14	5	|	234	13	5	|	232	14	5	|	232	13	7	|	232	13	7	|	235	12	4	|	235	13	2	|	234	13	4	|	234	13	4	|	231	13	3	|	233	15	5	|	231	13	3	|	223	14	10	|	211	19	30	|	165	23	71	|	60	1	111	|	20	9	163	|	9	10	196	|	2	11	210	|	0	11	207	|	0	12	208	|	0	12	210	|	0	11	206	|	0	12	207	|	0	12	207	|	1	10	209	|	1	11	207	|	0	12	204	|	0	13	204	|	0	11	207	|	0	11	207	|	1	11	205	|	0	12	205	|	0	12	205	|	0	13	204	|	0	12	204	|	0	12	204	|	2	11	204	|	1	11	204	|	1	11	205	|	0	14	209	|	0	11	208	|	0	13	210	|	2	10	207	|	5	12	178	|	15	22	126	|	192	200	255	|	
255	220	196	|	141	68	36	|	163	35	0	|	189	28	0	|	195	25	0	|	197	26	0	|	196	27	0	|	195	29	0	|	192	28	0	|	192	27	0	|	193	26	0	|	193	26	0	|	193	26	0	|	193	26	0	|	193	26	0	|	192	27	0	|	192	27	0	|	192	27	0	|	193	26	0	|	193	26	0	|	192	27	0	|	193	26	0	|	195	26	0	|	195	26	0	|	192	26	0	|	193	27	0	|	191	25	0	|	193	27	0	|	191	26	0	|	184	27	0	|	171	32	0	|	129	37	26	|	36	21	54	|	0	31	96	|	0	37	122	|	0	40	135	|	0	41	133	|	0	43	134	|	0	43	136	|	0	40	133	|	0	43	136	|	0	43	136	|	0	41	136	|	0	41	136	|	0	42	132	|	0	43	132	|	0	43	134	|	0	42	136	|	0	42	134	|	0	42	134	|	0	43	132	|	0	43	132	|	0	43	134	|	0	42	134	|	0	42	132	|	0	42	132	|	0	43	135	|	0	45	138	|	0	42	135	|	0	42	138	|	0	38	138	|	0	36	118	|	3	37	83	|	183	213	241	|	
255	231	184	|	216	173	104	|	243	178	62	|	253	176	34	|	255	178	34	|	255	178	32	|	255	177	29	|	255	180	30	|	255	179	32	|	255	179	32	|	255	178	34	|	255	178	34	|	255	179	32	|	255	179	32	|	255	179	32	|	255	179	32	|	255	179	32	|	255	178	34	|	255	179	34	|	255	178	34	|	255	178	32	|	255	178	32	|	255	178	32	|	255	178	32	|	255	177	34	|	255	178	34	|	255	178	32	|	255	177	31	|	255	179	32	|	252	179	40	|	245	186	56	|	187	174	62	|	74	136	50	|	55	167	93	|	38	173	97	|	32	178	103	|	29	177	99	|	29	180	101	|	27	178	99	|	27	179	102	|	27	179	102	|	28	178	104	|	31	177	104	|	31	177	104	|	30	178	102	|	28	179	102	|	28	179	102	|	28	179	102	|	28	179	100	|	28	179	98	|	28	180	97	|	28	179	98	|	27	180	100	|	28	179	102	|	31	178	100	|	31	178	98	|	29	180	99	|	26	178	95	|	24	177	94	|	31	183	100	|	32	178	103	|	45	169	107	|	68	153	112	|	170	235	205	|	
255	244	175	|	227	208	105	|	255	236	70	|	255	241	42	|	255	241	39	|	255	244	38	|	255	243	36	|	255	244	37	|	255	241	35	|	255	240	35	|	255	240	36	|	255	241	35	|	255	241	36	|	255	242	35	|	255	241	36	|	255	241	35	|	255	241	36	|	255	241	36	|	255	241	38	|	255	241	38	|	255	240	35	|	255	240	35	|	255	240	35	|	255	241	36	|	255	240	39	|	255	241	38	|	255	240	35	|	255	239	34	|	255	241	36	|	255	241	42	|	255	247	58	|	201	236	58	|	72	187	21	|	53	220	54	|	36	227	51	|	30	234	51	|	27	232	49	|	27	235	51	|	24	234	49	|	25	235	50	|	23	235	52	|	25	234	54	|	29	232	54	|	29	232	54	|	28	233	54	|	26	234	52	|	26	234	52	|	26	234	50	|	25	235	50	|	25	235	48	|	26	235	46	|	25	235	48	|	23	235	54	|	25	234	54	|	28	233	52	|	28	234	48	|	26	235	48	|	25	236	46	|	24	235	44	|	27	236	47	|	27	232	51	|	43	220	68	|	66	189	85	|	161	255	179	|	
246	246	148	|	220	217	88	|	255	248	56	|	255	247	20	|	255	243	14	|	255	247	15	|	254	248	14	|	253	247	11	|	255	248	13	|	255	247	13	|	255	247	15	|	255	247	13	|	255	247	15	|	255	248	13	|	255	247	15	|	255	248	13	|	255	247	15	|	255	247	15	|	255	248	15	|	255	248	15	|	255	247	13	|	255	247	13	|	255	247	13	|	255	247	13	|	255	248	17	|	255	249	18	|	255	248	14	|	255	247	11	|	255	247	15	|	252	247	21	|	246	253	36	|	187	243	34	|	58	197	0	|	36	230	22	|	19	237	19	|	13	243	20	|	10	242	18	|	10	245	18	|	8	245	17	|	8	245	19	|	6	245	19	|	8	244	20	|	12	242	20	|	12	242	20	|	11	243	20	|	9	244	19	|	9	244	19	|	9	244	19	|	8	244	20	|	8	244	20	|	9	244	19	|	8	245	19	|	6	244	24	|	6	244	24	|	9	243	22	|	11	243	20	|	8	242	19	|	10	247	21	|	9	246	18	|	9	244	19	|	12	241	24	|	32	232	45	|	50	197	57	|	137	255	143	|	
247	255	144	|	216	223	81	|	248	252	44	|	250	251	10	|	252	250	7	|	255	255	8	|	255	255	8	|	251	255	4	|	254	255	4	|	255	254	4	|	255	254	4	|	255	254	4	|	254	255	4	|	254	255	4	|	254	255	4	|	254	255	4	|	255	254	4	|	254	254	6	|	253	255	6	|	253	255	6	|	255	254	4	|	255	254	3	|	255	254	3	|	255	254	4	|	252	254	7	|	253	255	6	|	255	254	3	|	255	253	2	|	255	254	6	|	248	253	11	|	241	255	27	|	182	249	22	|	53	205	0	|	32	239	9	|	15	246	6	|	8	254	7	|	4	252	5	|	5	255	5	|	3	254	3	|	2	255	4	|	2	255	6	|	4	254	6	|	8	252	7	|	8	252	7	|	7	253	6	|	5	253	6	|	5	254	4	|	4	254	6	|	4	254	7	|	4	254	7	|	5	253	6	|	4	254	7	|	2	254	11	|	2	254	13	|	5	253	9	|	5	253	7	|	4	252	6	|	5	255	7	|	3	254	3	|	3	251	5	|	7	250	12	|	29	243	35	|	48	208	48	|	134	255	133	|	
244	254	142	|	213	220	78	|	246	251	43	|	251	255	12	|	255	255	9	|	255	255	7	|	251	255	4	|	250	255	3	|	253	255	3	|	254	255	3	|	254	255	3	|	254	255	3	|	253	255	3	|	253	255	3	|	253	255	3	|	253	255	3	|	254	255	3	|	253	255	3	|	251	255	4	|	251	255	4	|	254	255	1	|	254	255	1	|	255	255	1	|	254	255	1	|	251	255	4	|	252	255	5	|	255	255	2	|	255	255	1	|	254	255	3	|	246	255	8	|	240	255	23	|	181	250	20	|	52	205	0	|	30	237	7	|	13	245	3	|	6	252	3	|	2	251	0	|	3	254	1	|	2	253	0	|	0	254	0	|	0	253	2	|	0	253	2	|	5	251	2	|	5	251	2	|	3	252	0	|	2	253	0	|	2	253	0	|	2	253	0	|	2	253	0	|	0	254	0	|	2	253	0	|	0	254	0	|	0	254	4	|	0	253	5	|	3	252	2	|	3	252	0	|	4	253	1	|	4	255	2	|	1	252	0	|	3	252	0	|	6	248	6	|	24	237	25	|	44	203	40	|	134	255	128	|	
247	255	144	|	214	221	79	|	249	253	45	|	254	255	13	|	254	253	5	|	251	252	1	|	247	253	0	|	251	255	1	|	254	255	1	|	255	255	1	|	255	255	1	|	255	255	1	|	254	255	1	|	253	255	1	|	254	255	1	|	254	255	1	|	254	255	1	|	254	255	1	|	253	255	3	|	253	255	3	|	255	255	1	|	255	255	0	|	255	255	0	|	254	255	1	|	252	255	2	|	254	255	4	|	255	255	2	|	255	254	0	|	255	255	1	|	246	255	6	|	241	255	21	|	181	250	19	|	51	206	0	|	29	239	8	|	13	246	5	|	7	253	4	|	2	253	2	|	2	255	2	|	1	255	1	|	0	255	1	|	0	255	1	|	1	254	3	|	4	253	3	|	6	252	1	|	3	254	1	|	1	255	0	|	3	254	0	|	1	255	0	|	1	255	0	|	1	255	0	|	3	255	0	|	1	255	0	|	0	255	3	|	0	255	5	|	3	254	1	|	4	254	0	|	3	254	0	|	3	254	0	|	2	254	0	|	7	255	4	|	9	251	9	|	25	238	24	|	44	203	40	|	136	255	130	|	
248	252	142	|	216	219	78	|	250	249	43	|	254	252	11	|	255	250	4	|	255	253	4	|	255	255	4	|	255	255	6	|	255	254	1	|	255	254	0	|	255	253	0	|	255	254	0	|	255	254	0	|	255	255	0	|	255	254	0	|	255	254	0	|	255	254	0	|	255	254	1	|	255	255	1	|	255	255	1	|	255	254	0	|	255	253	0	|	255	254	0	|	255	254	1	|	254	253	2	|	255	255	4	|	255	254	2	|	255	253	0	|	255	254	2	|	250	254	7	|	244	255	20	|	183	249	19	|	50	205	0	|	28	237	11	|	11	245	8	|	4	252	6	|	2	252	5	|	2	255	6	|	0	254	2	|	0	255	3	|	0	255	3	|	0	255	5	|	3	253	5	|	4	252	5	|	1	254	5	|	0	255	3	|	1	254	3	|	0	255	1	|	0	255	1	|	0	255	0	|	1	255	0	|	0	255	0	|	0	255	5	|	0	255	5	|	1	254	3	|	3	254	1	|	2	253	0	|	0	254	0	|	2	253	0	|	6	255	5	|	10	251	12	|	27	239	30	|	46	204	45	|	136	255	131	|	
250	252	143	|	218	219	79	|	251	249	43	|	255	251	11	|	255	251	5	|	255	255	5	|	254	254	0	|	252	252	0	|	255	254	0	|	255	254	0	|	255	253	0	|	255	254	0	|	255	254	0	|	255	254	0	|	255	254	0	|	255	254	0	|	255	254	0	|	255	254	0	|	255	254	1	|	255	254	1	|	255	253	0	|	255	253	0	|	255	253	0	|	255	254	0	|	255	253	0	|	255	254	1	|	255	253	0	|	255	253	0	|	255	254	2	|	252	254	5	|	244	255	20	|	183	249	17	|	50	205	0	|	28	239	12	|	10	247	9	|	4	254	7	|	0	253	4	|	1	255	4	|	0	255	2	|	0	255	3	|	0	255	3	|	0	255	3	|	1	254	3	|	3	254	3	|	0	255	3	|	0	255	1	|	0	255	1	|	0	255	1	|	0	255	1	|	0	255	0	|	0	255	0	|	0	255	0	|	0	255	5	|	0	255	5	|	0	255	3	|	1	254	3	|	2	255	2	|	2	255	3	|	0	254	0	|	3	251	4	|	6	249	11	|	27	239	32	|	44	204	44	|	131	255	130	|	
249	253	143	|	217	220	79	|	250	249	43	|	255	253	12	|	255	252	5	|	255	254	3	|	253	254	0	|	254	255	0	|	255	255	0	|	255	254	0	|	255	254	0	|	255	254	0	|	255	255	0	|	254	255	0	|	255	255	0	|	255	254	0	|	255	254	0	|	255	255	0	|	254	255	0	|	254	255	0	|	255	254	0	|	255	254	0	|	255	254	0	|	255	254	0	|	254	255	0	|	255	255	0	|	255	254	0	|	255	253	0	|	255	254	0	|	249	255	3	|	242	255	18	|	181	249	14	|	47	207	0	|	25	241	8	|	9	248	5	|	2	255	4	|	0	255	0	|	0	255	0	|	0	255	0	|	0	255	0	|	0	255	0	|	0	255	0	|	0	255	0	|	1	255	0	|	0	255	0	|	0	255	0	|	0	255	0	|	0	255	0	|	0	255	0	|	0	255	0	|	0	255	0	|	0	255	0	|	0	255	3	|	0	255	5	|	0	255	3	|	0	255	1	|	0	255	2	|	0	255	0	|	1	255	2	|	1	254	5	|	7	251	13	|	23	237	29	|	45	206	48	|	131	255	133	|	
247	253	145	|	216	220	81	|	248	250	45	|	254	253	13	|	254	252	7	|	255	254	4	|	253	254	2	|	253	255	1	|	254	255	1	|	255	255	1	|	255	254	1	|	255	255	1	|	254	255	1	|	253	255	1	|	254	255	1	|	255	255	1	|	255	255	1	|	254	255	1	|	253	255	1	|	253	255	1	|	255	255	1	|	255	254	0	|	255	254	1	|	255	255	1	|	254	255	1	|	254	255	1	|	255	254	1	|	255	253	0	|	255	255	1	|	249	255	5	|	241	255	20	|	180	250	16	|	49	206	0	|	27	241	6	|	10	248	4	|	2	255	4	|	0	254	0	|	0	255	0	|	0	255	0	|	0	255	0	|	0	255	0	|	0	255	0	|	1	255	0	|	1	255	0	|	0	255	0	|	0	255	0	|	0	255	0	|	0	255	0	|	0	255	0	|	0	255	0	|	0	255	0	|	0	255	0	|	0	255	3	|	0	255	5	|	0	255	3	|	0	255	1	|	0	255	2	|	0	255	0	|	1	255	2	|	1	254	5	|	8	251	13	|	23	237	29	|	46	205	50	|	132	255	133	|	
247	252	150	|	216	220	84	|	248	249	49	|	254	252	17	|	254	252	11	|	255	253	8	|	252	254	5	|	253	255	4	|	254	255	3	|	255	254	3	|	255	254	3	|	254	255	3	|	253	255	3	|	253	255	3	|	254	255	3	|	254	255	3	|	254	255	3	|	254	255	3	|	253	255	4	|	253	255	4	|	255	254	3	|	255	255	1	|	255	254	3	|	254	255	3	|	253	255	4	|	253	255	4	|	255	254	3	|	255	253	0	|	255	254	3	|	249	255	9	|	241	255	23	|	181	248	19	|	50	205	0	|	29	239	10	|	13	246	7	|	5	253	6	|	2	253	2	|	2	255	2	|	0	255	0	|	0	255	0	|	0	255	0	|	0	255	0	|	4	253	1	|	4	253	1	|	1	255	1	|	0	255	1	|	0	255	0	|	0	255	0	|	1	255	1	|	1	255	1	|	1	255	0	|	0	255	1	|	0	255	5	|	0	255	6	|	1	254	3	|	3	254	3	|	2	255	4	|	0	253	2	|	4	255	4	|	4	252	6	|	11	249	15	|	26	235	30	|	49	204	51	|	135	255	135	|	
249	251	150	|	217	219	84	|	250	248	51	|	254	252	17	|	255	251	11	|	255	253	8	|	253	253	5	|	253	255	4	|	255	254	3	|	255	254	3	|	255	254	3	|	255	254	3	|	254	255	3	|	253	255	3	|	254	255	3	|	255	254	3	|	255	254	3	|	254	255	3	|	253	255	4	|	253	255	4	|	255	254	3	|	255	254	1	|	255	254	3	|	255	254	3	|	253	255	6	|	254	255	4	|	255	254	3	|	255	253	0	|	255	254	3	|	249	255	9	|	241	255	25	|	181	248	19	|	52	204	0	|	31	238	12	|	13	245	9	|	7	252	7	|	3	251	4	|	4	255	2	|	1	255	1	|	0	255	1	|	0	255	1	|	0	255	1	|	4	253	3	|	4	253	3	|	1	254	3	|	0	255	3	|	0	255	1	|	1	255	1	|	1	255	1	|	1	255	1	|	3	254	0	|	1	255	0	|	0	255	5	|	0	255	5	|	1	254	3	|	3	254	1	|	2	255	2	|	0	254	0	|	4	255	2	|	6	252	5	|	11	249	15	|	26	235	30	|	49	204	50	|	135	255	135	|	
250	251	147	|	218	219	81	|	251	248	47	|	255	252	13	|	255	250	7	|	255	253	4	|	254	253	2	|	255	255	1	|	255	254	1	|	255	253	1	|	255	253	1	|	255	254	1	|	255	255	1	|	255	255	1	|	255	254	1	|	255	254	1	|	255	254	1	|	255	254	1	|	255	254	3	|	255	255	1	|	255	253	1	|	255	254	0	|	255	253	1	|	255	254	1	|	255	254	3	|	255	254	3	|	255	253	1	|	255	252	0	|	255	254	1	|	250	255	5	|	242	255	21	|	181	249	18	|	50	205	0	|	28	239	12	|	12	246	9	|	5	253	7	|	0	253	2	|	1	255	2	|	0	255	1	|	0	255	0	|	0	255	1	|	0	255	1	|	3	254	3	|	3	254	3	|	0	255	3	|	0	255	3	|	0	255	3	|	0	255	1	|	0	255	0	|	0	255	0	|	1	255	0	|	0	255	0	|	0	255	1	|	0	255	1	|	0	255	0	|	0	255	0	|	0	255	0	|	0	255	0	|	1	255	0	|	3	254	1	|	8	251	11	|	23	237	27	|	46	206	46	|	134	255	131	|	
252	251	145	|	220	219	79	|	251	248	45	|	255	252	12	|	255	251	5	|	255	253	1	|	255	253	0	|	255	255	0	|	255	254	0	|	255	254	0	|	255	254	0	|	255	254	0	|	255	255	0	|	255	255	0	|	255	254	0	|	255	254	0	|	255	254	0	|	255	254	0	|	255	255	1	|	255	255	1	|	255	254	0	|	255	254	0	|	255	254	0	|	255	254	0	|	255	255	1	|	255	255	1	|	255	254	0	|	255	252	0	|	255	254	0	|	250	255	3	|	242	255	20	|	181	249	16	|	50	205	0	|	28	239	12	|	12	247	7	|	4	254	7	|	0	253	2	|	1	255	0	|	0	255	0	|	0	255	0	|	0	255	1	|	0	255	1	|	1	254	3	|	1	254	3	|	0	255	3	|	0	255	3	|	0	255	3	|	0	255	1	|	0	255	0	|	0	255	0	|	0	255	0	|	0	255	0	|	0	255	1	|	0	255	1	|	0	255	0	|	0	255	0	|	0	255	0	|	0	255	0	|	1	255	0	|	1	255	1	|	7	252	11	|	23	237	27	|	46	206	46	|	132	255	131	|	
250	252	145	|	218	219	79	|	250	249	45	|	255	253	12	|	255	251	5	|	255	254	1	|	254	254	0	|	254	255	0	|	255	255	0	|	255	254	0	|	255	254	0	|	255	255	0	|	254	255	0	|	254	255	0	|	254	255	0	|	255	255	0	|	255	255	0	|	254	255	0	|	254	255	1	|	254	255	1	|	255	255	0	|	255	254	0	|	255	254	0	|	255	255	0	|	253	255	1	|	254	255	1	|	255	254	0	|	255	253	0	|	255	255	0	|	249	255	3	|	241	255	20	|	181	249	16	|	50	205	0	|	29	239	10	|	12	247	7	|	5	253	6	|	2	253	0	|	1	255	0	|	0	255	0	|	0	255	0	|	0	255	0	|	0	255	0	|	3	254	1	|	3	254	1	|	0	255	3	|	0	255	3	|	0	255	1	|	0	255	1	|	0	255	3	|	1	255	1	|	1	255	0	|	0	255	0	|	0	255	3	|	0	255	3	|	0	255	1	|	0	255	0	|	0	255	0	|	0	255	0	|	1	255	0	|	1	254	3	|	7	251	13	|	23	237	29	|	46	206	48	|	132	255	133	|	
249	252	145	|	217	220	81	|	248	249	47	|	254	253	15	|	255	252	5	|	255	254	1	|	253	255	0	|	254	255	0	|	254	255	0	|	255	255	0	|	255	255	0	|	255	255	0	|	254	255	0	|	253	255	0	|	254	255	1	|	254	255	1	|	254	255	0	|	254	255	0	|	253	255	1	|	253	255	1	|	254	255	0	|	255	255	0	|	255	255	0	|	254	255	0	|	253	255	1	|	253	255	1	|	255	255	0	|	255	253	0	|	255	255	0	|	247	255	5	|	241	255	20	|	180	250	16	|	50	205	0	|	29	239	10	|	12	247	7	|	5	253	6	|	2	253	0	|	2	255	0	|	0	255	0	|	0	255	0	|	0	255	0	|	0	255	0	|	1	255	1	|	3	254	1	|	0	255	3	|	0	255	3	|	0	255	1	|	0	255	3	|	0	255	3	|	0	255	3	|	0	255	1	|	0	255	1	|	0	255	5	|	0	255	6	|	1	254	3	|	1	255	1	|	1	255	2	|	0	255	0	|	0	255	2	|	1	254	5	|	7	251	13	|	23	237	29	|	46	205	50	|	132	255	133	|	
250	251	147	|	217	219	84	|	247	249	52	|	253	252	20	|	255	252	7	|	255	254	1	|	254	254	0	|	254	255	0	|	254	255	0	|	254	255	0	|	255	255	0	|	255	255	0	|	255	255	0	|	254	255	1	|	253	255	3	|	253	255	3	|	254	255	1	|	254	255	0	|	253	255	1	|	253	255	1	|	254	255	0	|	255	255	0	|	255	255	0	|	254	255	0	|	253	255	1	|	254	255	1	|	255	254	0	|	255	253	0	|	255	255	1	|	247	255	5	|	241	255	20	|	180	250	16	|	49	206	0	|	27	240	10	|	12	247	7	|	5	253	6	|	2	253	0	|	2	255	0	|	0	255	0	|	0	255	0	|	0	255	0	|	0	255	0	|	0	255	1	|	1	254	3	|	0	255	3	|	0	255	3	|	0	255	3	|	0	255	3	|	0	255	3	|	0	255	1	|	0	255	0	|	0	255	1	|	0	255	6	|	0	255	6	|	3	253	5	|	3	254	3	|	1	255	2	|	0	255	0	|	0	255	0	|	0	255	3	|	7	252	11	|	23	237	27	|	47	205	48	|	134	255	131	|	
252	251	145	|	218	219	83	|	247	249	54	|	253	252	20	|	255	252	7	|	255	253	1	|	255	253	0	|	255	255	0	|	254	255	1	|	254	255	1	|	255	255	0	|	255	255	0	|	255	254	0	|	255	255	1	|	253	255	3	|	253	255	3	|	254	255	1	|	254	255	0	|	253	255	1	|	253	255	1	|	255	255	0	|	255	254	0	|	255	254	0	|	255	255	0	|	254	255	3	|	254	255	1	|	255	254	1	|	255	253	0	|	255	255	1	|	249	255	5	|	241	255	21	|	180	249	18	|	49	206	0	|	27	240	10	|	12	247	7	|	5	253	6	|	2	253	0	|	2	255	0	|	0	255	0	|	0	255	0	|	0	255	0	|	0	255	1	|	0	255	3	|	1	254	3	|	0	255	3	|	0	255	3	|	0	255	3	|	0	255	3	|	0	255	1	|	0	255	1	|	0	255	0	|	0	255	1	|	0	254	6	|	1	254	6	|	4	252	5	|	3	254	3	|	1	255	2	|	0	255	0	|	0	255	0	|	0	255	3	|	7	252	11	|	23	237	27	|	47	205	48	|	135	255	131	|	
253	251	142	|	220	219	79	|	248	249	51	|	254	252	19	|	255	251	5	|	255	253	0	|	255	253	0	|	255	254	1	|	255	254	3	|	255	254	3	|	255	254	1	|	255	254	0	|	255	254	0	|	255	254	0	|	255	255	1	|	255	255	1	|	255	255	0	|	255	255	0	|	255	255	1	|	255	255	1	|	255	254	0	|	255	254	0	|	255	254	0	|	255	254	0	|	255	254	3	|	255	255	1	|	255	253	1	|	255	253	0	|	255	254	1	|	250	255	5	|	242	255	21	|	181	249	18	|	50	205	0	|	29	238	12	|	14	245	9	|	8	252	7	|	5	251	2	|	5	254	2	|	3	254	0	|	0	255	0	|	0	255	1	|	0	255	1	|	1	254	3	|	3	254	3	|	1	254	3	|	1	254	3	|	1	254	3	|	1	254	3	|	0	255	3	|	0	255	1	|	1	255	0	|	3	254	1	|	1	254	6	|	3	253	6	|	6	252	5	|	4	253	3	|	2	255	2	|	0	254	0	|	1	255	0	|	1	254	3	|	7	251	13	|	24	236	29	|	49	204	50	|	137	255	133	|	
253	251	138	|	220	219	75	|	250	249	47	|	254	253	15	|	255	252	3	|	255	253	0	|	255	253	0	|	255	254	1	|	255	254	4	|	255	254	4	|	255	254	1	|	255	254	0	|	255	254	0	|	255	254	0	|	255	255	0	|	255	255	0	|	255	254	0	|	255	254	0	|	255	255	1	|	255	255	1	|	255	254	0	|	255	254	0	|	255	254	0	|	255	254	0	|	255	254	3	|	255	255	1	|	255	253	1	|	255	253	0	|	255	254	1	|	250	255	5	|	242	255	21	|	182	248	18	|	50	205	0	|	29	239	10	|	14	245	7	|	8	252	6	|	5	251	2	|	5	254	2	|	3	254	0	|	1	255	0	|	0	255	0	|	0	255	0	|	1	255	1	|	3	254	1	|	1	255	1	|	0	255	1	|	1	255	1	|	1	255	1	|	1	255	1	|	1	255	1	|	3	254	0	|	4	254	0	|	3	253	5	|	3	253	5	|	4	253	3	|	4	253	1	|	1	255	0	|	0	255	0	|	0	255	0	|	1	254	3	|	7	251	13	|	23	236	30	|	47	205	50	|	135	255	135	|	
252	253	136	|	218	220	74	|	248	250	43	|	254	253	12	|	255	252	3	|	255	253	0	|	255	253	0	|	255	254	1	|	255	254	6	|	255	254	6	|	255	254	1	|	255	254	0	|	255	254	0	|	255	254	0	|	255	255	0	|	255	255	0	|	255	254	0	|	255	254	0	|	255	255	0	|	255	255	0	|	255	254	0	|	255	254	0	|	255	254	0	|	255	254	0	|	254	255	3	|	254	255	1	|	255	254	1	|	255	253	0	|	255	255	1	|	249	255	5	|	242	255	21	|	181	249	16	|	49	206	0	|	27	240	8	|	12	247	5	|	5	254	4	|	3	252	0	|	4	255	0	|	0	255	0	|	0	255	0	|	0	255	0	|	0	255	0	|	0	255	0	|	0	255	0	|	0	255	0	|	0	255	0	|	0	255	0	|	0	255	0	|	1	255	0	|	1	255	0	|	3	255	0	|	3	255	0	|	1	255	0	|	0	255	0	|	1	255	0	|	1	255	0	|	0	255	0	|	0	255	0	|	0	255	0	|	0	255	1	|	5	252	11	|	21	237	29	|	46	206	48	|	134	255	133	|	
252	252	138	|	218	220	75	|	247	250	45	|	253	254	13	|	255	252	3	|	255	254	0	|	255	253	0	|	255	254	3	|	254	254	8	|	254	254	8	|	255	254	3	|	255	255	1	|	255	255	1	|	255	255	1	|	254	255	0	|	254	255	0	|	255	255	0	|	255	255	0	|	254	255	0	|	254	255	0	|	255	254	0	|	255	254	0	|	255	254	0	|	255	255	0	|	253	255	3	|	253	255	1	|	255	255	1	|	255	253	0	|	254	255	1	|	247	255	5	|	241	255	20	|	180	250	16	|	49	206	0	|	27	240	8	|	12	247	5	|	5	254	4	|	3	252	0	|	4	255	0	|	0	255	0	|	0	255	0	|	0	255	0	|	0	255	0	|	0	255	0	|	0	255	0	|	0	255	0	|	0	255	0	|	0	255	0	|	0	255	0	|	1	255	0	|	3	254	0	|	4	254	0	|	3	255	0	|	0	255	0	|	0	255	0	|	1	255	0	|	1	255	0	|	0	255	0	|	0	255	0	|	0	255	0	|	0	255	3	|	5	252	13	|	23	237	29	|	46	205	50	|	134	255	135	|	
250	251	147	|	217	219	84	|	246	250	52	|	251	253	19	|	253	253	5	|	255	255	0	|	253	254	0	|	253	255	4	|	251	255	10	|	251	255	12	|	253	255	8	|	254	254	6	|	254	255	4	|	254	255	3	|	253	255	1	|	253	255	0	|	255	255	0	|	255	255	0	|	253	255	0	|	253	255	0	|	255	255	0	|	255	255	0	|	255	255	0	|	254	255	0	|	251	255	3	|	251	255	1	|	254	255	1	|	253	255	0	|	253	255	1	|	246	255	5	|	238	255	20	|	178	250	16	|	49	205	0	|	28	239	12	|	13	245	9	|	7	252	7	|	5	251	4	|	5	254	4	|	3	254	1	|	1	255	1	|	0	255	3	|	0	255	3	|	1	254	3	|	3	254	3	|	0	255	3	|	0	255	3	|	0	255	1	|	1	255	1	|	4	253	3	|	4	253	3	|	6	253	0	|	4	254	0	|	1	254	3	|	0	255	1	|	3	254	0	|	3	255	0	|	1	255	0	|	0	255	0	|	1	255	2	|	3	253	6	|	8	250	16	|	26	235	32	|	49	204	51	|	137	255	137	|	
250	250	150	|	217	218	88	|	246	249	56	|	251	253	20	|	253	253	5	|	255	255	0	|	253	254	0	|	253	255	3	|	251	255	8	|	251	255	10	|	253	255	8	|	254	254	6	|	254	255	4	|	254	255	3	|	253	255	1	|	253	255	0	|	255	255	0	|	255	255	0	|	253	255	0	|	253	255	0	|	255	255	0	|	255	255	0	|	255	255	0	|	253	255	1	|	250	255	3	|	250	255	3	|	254	255	1	|	253	255	0	|	253	255	1	|	246	255	5	|	238	255	20	|	178	250	18	|	49	205	0	|	28	239	14	|	12	246	9	|	7	252	9	|	3	251	4	|	5	254	4	|	3	254	3	|	0	255	3	|	0	255	3	|	0	255	5	|	1	254	5	|	1	254	5	|	0	255	5	|	0	255	3	|	0	255	3	|	1	254	3	|	3	253	5	|	3	253	5	|	4	253	1	|	1	255	0	|	0	255	3	|	0	255	3	|	1	255	0	|	1	255	0	|	1	255	2	|	0	254	0	|	1	255	4	|	3	253	8	|	9	249	16	|	26	235	32	|	50	203	51	|	137	255	137	|	
252	250	150	|	217	217	85	|	246	248	53	|	251	250	18	|	255	255	8	|	255	255	3	|	253	253	0	|	254	255	1	|	253	255	3	|	253	255	4	|	254	255	3	|	255	255	1	|	255	255	1	|	255	255	1	|	254	255	0	|	254	255	0	|	255	254	0	|	255	254	0	|	254	255	0	|	254	255	0	|	255	255	0	|	255	255	0	|	255	255	0	|	254	255	1	|	253	255	5	|	251	255	3	|	253	253	0	|	254	254	0	|	255	255	2	|	247	255	5	|	241	255	20	|	182	251	20	|	49	208	0	|	25	240	12	|	8	247	6	|	3	253	6	|	0	252	3	|	1	254	3	|	0	255	3	|	1	255	3	|	0	255	1	|	0	255	3	|	0	255	3	|	0	255	3	|	0	255	3	|	0	255	1	|	0	255	1	|	0	255	1	|	0	255	5	|	0	255	3	|	0	255	0	|	0	255	0	|	0	255	1	|	0	255	1	|	0	255	0	|	0	255	0	|	0	255	0	|	0	253	0	|	3	255	6	|	3	253	6	|	7	249	14	|	27	239	33	|	47	205	48	|	133	255	131	|	
254	250	150	|	223	220	87	|	253	251	55	|	253	251	18	|	255	249	3	|	255	252	0	|	254	251	0	|	255	255	2	|	254	255	1	|	254	255	1	|	255	255	0	|	255	254	0	|	255	254	0	|	255	254	0	|	255	255	0	|	255	255	0	|	255	255	0	|	255	255	0	|	255	255	2	|	255	255	2	|	255	255	2	|	255	255	2	|	255	255	2	|	255	255	2	|	252	254	3	|	254	255	4	|	255	254	1	|	255	254	1	|	255	255	1	|	248	252	5	|	240	255	19	|	180	248	17	|	46	207	0	|	24	241	10	|	9	248	7	|	2	255	6	|	1	254	5	|	2	255	5	|	0	255	1	|	0	255	1	|	0	255	1	|	0	255	1	|	0	255	3	|	0	255	3	|	0	255	3	|	0	255	1	|	0	255	1	|	0	255	1	|	0	255	5	|	0	255	3	|	0	255	0	|	0	255	0	|	0	255	1	|	0	255	1	|	0	255	0	|	0	255	0	|	0	252	0	|	4	255	5	|	2	255	4	|	0	247	0	|	4	246	11	|	23	235	28	|	47	207	47	|	135	255	132	|	
251	247	140	|	220	217	78	|	251	247	51	|	255	253	18	|	255	255	7	|	255	255	2	|	255	253	0	|	255	255	0	|	254	254	0	|	254	254	0	|	255	253	0	|	255	253	0	|	255	252	0	|	255	252	0	|	255	252	0	|	255	252	0	|	255	252	0	|	255	252	0	|	255	253	2	|	255	253	2	|	255	252	2	|	255	252	2	|	255	252	2	|	255	252	3	|	254	254	8	|	255	255	8	|	255	255	6	|	255	254	2	|	255	254	4	|	253	253	9	|	245	255	21	|	183	249	19	|	46	206	0	|	24	240	9	|	9	246	6	|	2	252	4	|	1	251	3	|	5	255	5	|	2	253	0	|	0	252	0	|	0	255	2	|	0	255	2	|	0	253	4	|	0	253	2	|	0	254	2	|	0	255	0	|	0	254	0	|	0	254	2	|	0	253	5	|	0	254	4	|	0	254	0	|	0	255	0	|	0	255	0	|	0	255	0	|	0	255	0	|	0	254	0	|	6	255	6	|	4	255	4	|	2	250	3	|	8	253	8	|	14	255	18	|	25	237	28	|	47	208	44	|	128	255	123	|	
255	253	143	|	224	221	82	|	248	244	48	|	252	248	17	|	255	252	10	|	255	253	5	|	255	252	5	|	255	254	6	|	255	255	7	|	255	255	7	|	255	254	5	|	255	254	5	|	255	254	5	|	255	253	7	|	255	254	9	|	255	254	9	|	255	254	5	|	255	254	5	|	255	255	7	|	255	254	9	|	255	254	7	|	255	254	7	|	255	254	9	|	255	254	9	|	251	252	10	|	254	254	10	|	255	251	5	|	255	250	1	|	255	250	4	|	252	251	11	|	245	255	25	|	185	248	20	|	52	207	0	|	31	242	13	|	16	248	12	|	8	252	7	|	7	249	5	|	11	255	9	|	9	253	5	|	7	253	6	|	5	253	6	|	5	253	7	|	8	252	7	|	8	252	7	|	7	252	7	|	5	253	6	|	7	253	6	|	7	253	6	|	5	253	9	|	5	253	9	|	5	253	6	|	4	255	4	|	1	255	6	|	2	255	6	|	7	253	4	|	8	252	4	|	8	250	6	|	1	243	1	|	8	250	6	|	12	251	10	|	6	243	7	|	21	231	20	|	48	209	43	|	133	255	125	|	
245	248	135	|	218	221	82	|	246	247	55	|	252	252	30	|	254	252	20	|	252	249	14	|	252	252	18	|	251	253	20	|	247	251	17	|	247	251	16	|	250	250	12	|	251	250	10	|	252	249	14	|	252	248	16	|	251	248	19	|	251	249	17	|	251	250	10	|	251	250	9	|	248	251	10	|	248	251	12	|	250	251	10	|	250	251	9	|	250	251	10	|	248	251	12	|	248	252	15	|	249	254	14	|	253	252	11	|	252	250	7	|	254	252	11	|	248	252	17	|	242	255	30	|	183	245	24	|	51	199	0	|	35	235	14	|	21	242	14	|	14	246	10	|	12	243	7	|	15	248	9	|	14	247	8	|	14	247	8	|	12	246	9	|	12	246	11	|	14	244	11	|	14	244	11	|	13	245	11	|	12	246	9	|	13	246	7	|	13	245	9	|	13	245	13	|	13	245	11	|	12	247	7	|	10	248	5	|	9	248	9	|	9	248	9	|	13	245	9	|	16	244	9	|	15	245	14	|	14	244	13	|	22	252	19	|	14	244	11	|	13	243	13	|	34	237	31	|	48	205	40	|	131	255	121	|	
246	251	159	|	217	222	106	|	240	243	78	|	246	247	55	|	251	249	52	|	248	246	47	|	248	248	52	|	244	247	52	|	245	251	57	|	245	251	55	|	248	251	48	|	249	251	46	|	251	249	50	|	251	249	53	|	249	249	57	|	249	249	55	|	249	250	48	|	249	251	44	|	247	252	48	|	247	252	48	|	248	251	46	|	248	251	46	|	248	251	46	|	247	252	48	|	243	250	48	|	245	250	46	|	250	249	43	|	251	249	42	|	251	250	44	|	244	248	47	|	236	252	58	|	185	239	53	|	66	187	4	|	55	219	36	|	42	227	35	|	37	233	35	|	36	231	31	|	37	234	32	|	36	231	30	|	36	233	32	|	34	232	33	|	35	231	33	|	38	230	35	|	38	230	35	|	36	230	35	|	35	231	33	|	36	231	31	|	36	231	31	|	36	230	37	|	36	230	35	|	36	231	31	|	34	233	30	|	32	233	33	|	34	232	33	|	38	230	33	|	39	229	33	|	37	228	36	|	36	230	37	|	35	229	34	|	31	227	31	|	41	237	43	|	50	224	49	|	61	188	55	|	158	255	149	|	
236	244	195	|	196	203	133	|	204	209	93	|	204	207	68	|	210	209	69	|	210	209	69	|	213	213	79	|	208	209	79	|	207	210	79	|	207	211	75	|	209	211	68	|	211	210	66	|	212	209	68	|	212	208	72	|	211	208	75	|	209	209	75	|	208	209	71	|	208	209	71	|	207	209	73	|	207	209	73	|	208	209	71	|	208	209	71	|	208	209	71	|	207	209	73	|	208	212	76	|	208	210	74	|	213	210	71	|	216	210	70	|	213	210	69	|	205	207	72	|	201	216	89	|	166	204	83	|	88	163	45	|	80	183	65	|	63	188	60	|	60	196	62	|	60	194	59	|	59	195	59	|	58	192	57	|	58	194	60	|	58	194	60	|	58	194	62	|	61	192	64	|	61	192	62	|	59	193	62	|	58	194	60	|	59	193	60	|	61	192	60	|	61	191	65	|	61	192	64	|	61	192	60	|	59	193	58	|	58	194	62	|	58	194	62	|	62	191	62	|	64	190	64	|	58	187	61	|	62	192	66	|	56	192	60	|	58	195	63	|	54	194	63	|	62	180	68	|	99	171	98	|	190	238	186	|	
252	255	234	|	225	233	184	|	242	247	155	|	247	250	137	|	251	249	138	|	246	244	135	|	248	246	145	|	240	242	141	|	245	247	148	|	245	248	145	|	246	249	136	|	248	248	134	|	250	246	136	|	249	246	139	|	249	246	143	|	248	246	143	|	247	245	142	|	245	247	140	|	245	246	144	|	244	247	142	|	247	245	142	|	247	246	140	|	245	246	142	|	244	247	142	|	245	247	146	|	244	247	144	|	249	245	138	|	251	244	137	|	247	243	136	|	240	241	139	|	241	254	162	|	217	247	159	|	201	253	170	|	192	255	179	|	170	255	168	|	165	255	169	|	165	255	169	|	166	255	168	|	164	255	168	|	166	255	170	|	164	255	170	|	165	255	170	|	168	255	172	|	168	255	172	|	167	255	170	|	165	255	170	|	167	255	169	|	167	255	170	|	170	255	174	|	170	255	174	|	168	255	169	|	167	255	169	|	165	255	170	|	165	255	172	|	170	255	172	|	170	255	172	|	169	255	175	|	169	255	176	|	162	255	169	|	168	255	175	|	157	255	168	|	177	255	186	|	207	252	211	|	230	252	231	|	
